# Total number of events: 130157

             -788400                   1                   2                   2
            -2365200                   1                 344                 344
            -3942000                   1                1729                1729
            -5518800                   1                3674                3674
            -7095600                   1                5859                5859
            -8672400                   1                7615                7615
           -10249200                   1                8735                8735
           -11826000                   1                9537                9537
           -13402800                   1                9776                9776
           -14979600                   1                9834                9834
           -16556400                   1                9307                9307
           -18133200                   1                8793                8793
           -19710000                   1                8046                8046
           -21286800                   1                7146                7146
           -22863600                   1                6211                6211
           -24440400                   1                5447                5447
           -26017200                   1                4697                4697
           -27594000                   1                4074                4074
           -29170800                   1                3346                3346
           -30747600                   1                2927                2927
           -32324400                   1                2366                2366
           -33901200                   1                1993                1993
           -35478000                   1                1606                1606
           -37054800                   1                1322                1322
           -38631600                   1                1076                1076
           -40208400                   1                 889                 889
           -41785200                   1                 705                 705
           -43362000                   1                 604                 604
           -44938800                   1                 451                 451
           -46515600                   1                 413                 413
           -48092400                   1                 324                 324
           -49669200                   1                 264                 264
           -51246000                   1                 177                 177
           -52822800                   1                 153                 153
           -54399600                   1                 135                 135
           -55976400                   1                 103                 103
           -57553200                   1                 107                 107
           -59130000                   1                  67                  67
           -60706800                   1                  68                  68
           -62283600                   1                  37                  37
           -63860400                   1                  32                  32
           -65437200                   1                  27                  27
           -67014000                   1                  37                  37
           -68590800                   1                  20                  20
           -70167600                   1                  13                  13
           -71744400                   1                  12                  12
           -73321200                   1                   7                   7
           -74898000                   1                   7                   7
           -76474800                   1                   7                   7
           -78051600                   1                   4                   4
           -79628400                   1                   6                   6
           -81205200                   1                   5                   5
           -82782000                   1                   1                   1
           -84358800                   1                   5                   5
           -85935600                   1                   3                   3
           -87512400                   1                   2                   2
           -89089200                   1                   1                   1
           -90666000                   1                   1                   1
           -92242800                   0                   0                   0
           -93819600                   1                   1                   1
           -95396400                   1                   1                   1
           -96973200                   1                   2                   2
           -98550000                   0                   0                   0
          -100126800                   0                   0                   0
          -101703600                   1                   3                   3
          -103280400                   0                   0                   0
          -104857200                   1                   1                   1
          -106434000                   0                   0                   0
          -108010800                   0                   0                   0
          -109587600                   0                   0                   0
          -111164400                   0                   0                   0
          -112741200                   0                   0                   0
          -114318000                   0                   0                   0
          -115894800                   0                   0                   0
          -117471600                   0                   0                   0
          -119048400                   0                   0                   0
          -120625200                   0                   0                   0
          -122202000                   0                   0                   0
          -123778800                   0                   0                   0
          -125355600                   0                   0                   0
          -126932400                   0                   0                   0
          -128509200                   0                   0                   0
          -130086000                   0                   0                   0
          -131662800                   0                   0                   0
          -133239600                   0                   0                   0
          -134816400                   0                   0                   0
          -136393200                   0                   0                   0
          -137970000                   0                   0                   0
          -139546800                   0                   0                   0
          -141123600                   0                   0                   0
          -142700400                   0                   0                   0
          -144277200                   0                   0                   0
          -145854000                   0                   0                   0
          -147430800                   0                   0                   0
          -149007600                   0                   0                   0
          -150584400                   0                   0                   0
          -152161200                   0                   0                   0
          -153738000                   0                   0                   0
          -155314800                   0                   0                   0
          -156891600                   0                   0                   0
