# Total number of events: 65177

             -788400                   1                1205                1205
            -2365200                   1                8946                8946
            -3942000                   1               12119               12119
            -5518800                   1               10805               10805
            -7095600                   1                8656                8656
            -8672400                   1                6673                6673
           -10249200                   1                4821                4821
           -11826000                   1                3549                3549
           -13402800                   1                2580                2580
           -14979600                   1                1762                1762
           -16556400                   1                1207                1207
           -18133200                   1                 838                 838
           -19710000                   1                 629                 629
           -21286800                   1                 420                 420
           -22863600                   1                 298                 298
           -24440400                   1                 181                 181
           -26017200                   1                 130                 130
           -27594000                   1                  88                  88
           -29170800                   1                  69                  69
           -30747600                   1                  54                  54
           -32324400                   1                  34                  34
           -33901200                   1                  21                  21
           -35478000                   1                  22                  22
           -37054800                   1                  16                  16
           -38631600                   1                  10                  10
           -40208400                   1                  10                  10
           -41785200                   1                   9                   9
           -43362000                   1                   6                   6
           -44938800                   1                   4                   4
           -46515600                   0                   0                   0
           -48092400                   1                   3                   3
           -49669200                   1                   3                   3
           -51246000                   1                   1                   1
           -52822800                   1                   3                   3
           -54399600                   0                   0                   0
           -55976400                   0                   0                   0
           -57553200                   1                   1                   1
           -59130000                   0                   0                   0
           -60706800                   0                   0                   0
           -62283600                   0                   0                   0
           -63860400                   0                   0                   0
           -65437200                   0                   0                   0
           -67014000                   1                   1                   1
           -68590800                   1                   1                   1
           -70167600                   0                   0                   0
           -71744400                   0                   0                   0
           -73321200                   0                   0                   0
           -74898000                   0                   0                   0
           -76474800                   0                   0                   0
           -78051600                   0                   0                   0
           -79628400                   0                   0                   0
           -81205200                   1                   1                   1
           -82782000                   0                   0                   0
           -84358800                   0                   0                   0
           -85935600                   0                   0                   0
           -87512400                   0                   0                   0
           -89089200                   0                   0                   0
           -90666000                   0                   0                   0
           -92242800                   0                   0                   0
           -93819600                   0                   0                   0
           -95396400                   0                   0                   0
           -96973200                   0                   0                   0
           -98550000                   0                   0                   0
          -100126800                   0                   0                   0
          -101703600                   0                   0                   0
          -103280400                   0                   0                   0
          -104857200                   0                   0                   0
          -106434000                   0                   0                   0
          -108010800                   0                   0                   0
          -109587600                   1                   1                   1
          -111164400                   0                   0                   0
          -112741200                   0                   0                   0
          -114318000                   0                   0                   0
          -115894800                   0                   0                   0
          -117471600                   0                   0                   0
          -119048400                   0                   0                   0
          -120625200                   0                   0                   0
          -122202000                   0                   0                   0
          -123778800                   0                   0                   0
          -125355600                   0                   0                   0
          -126932400                   0                   0                   0
          -128509200                   0                   0                   0
          -130086000                   0                   0                   0
          -131662800                   0                   0                   0
          -133239600                   0                   0                   0
          -134816400                   0                   0                   0
          -136393200                   0                   0                   0
          -137970000                   0                   0                   0
          -139546800                   0                   0                   0
          -141123600                   0                   0                   0
          -142700400                   0                   0                   0
          -144277200                   0                   0                   0
          -145854000                   0                   0                   0
          -147430800                   0                   0                   0
          -149007600                   0                   0                   0
          -150584400                   0                   0                   0
          -152161200                   0                   0                   0
          -153738000                   0                   0                   0
          -155314800                   0                   0                   0
          -156891600                   0                   0                   0
